# Matrix

```
Matrix A:
0.000008 0.532767 0.679296 0.830965 
0.131538 0.218959 0.934693 0.034572 
0.755605 0.047045 0.383502 0.053462 
0.458650 0.678865 0.519416 0.529700 

Matrix B:
0.671149 0.417486 0.846167 0.415999 
0.007698 0.686773 0.526929 0.701191 
0.383416 0.588977 0.091965 0.910321 
0.066842 0.930436 0.653919 0.762198 

c spent time :4800 us
0.320103 1.539143 0.886592 1.625312 
0.450654 0.787970 0.335245 1.085473 
0.658100 0.623380 0.734386 0.737177 
0.547607 1.456482 1.139957 1.543384 

Neon Intrinsics spent time :3426 us
0.320103 1.539143 0.886592 1.625312 
0.450654 0.787970 0.335245 1.085473 
0.658100 0.623380 0.734386 0.737177 
0.547607 1.456482 1.139957 1.543384 

asm spent time :105 us
0.320103 1.539143 0.886592 1.625312 
0.450654 0.787970 0.335245 1.085473 
0.658100 0.623380 0.734386 0.737177 
0.547607 1.456482 1.139957 1.543384 

Neon equal to C: yes
Asm equal to C:  yes
===============================
asm faster than c: 45.714287
asm faster than neon Intrinsics: 32.628571
```